# id	left	top	right	bottom	texture_id
[SPRITES]
################# BASE GOOMBA ###################
#WALK AIM RIGHT
130001	597	499	614	524	12
130002	615	499	632	524	12

#WALK THROW RIGHT
130003	632	499	649	524	12
130004	650	499	667	524	12

#BOOMERANG FLY RIGHT
130005	651	631	666	648	12
130006	633	632	648	647	12
130007	616	631	631	648	12
130008	598	631	613	646	12

#WALK AIM LEFT
130011	102	499	119	524	11
130012	119	499	136	524	11

#WALK THROW LEFT
130013	68	499	85	524	11
130014	85	499	102	524	11

#BOOMERANG FLY LEFT
130015	69	631	84	648	11
130016	86	632	103	647	11
130017	104	631	119	648	11
130018	120	631	137	646	11

#DIE
130019	103	1208	120	1233	13

# ani_id	sprite1_id	time1	sprite2_id	time2	...
[ANIMATIONS]
################# BASE GOOMBA ###################
#AIM RIGHT LEFT
13001	130001	100	130002	100
13002	130011	100	130011	100

#THROW RIGHT LEFT
13003	130003	100	130004	100
13004	130013	100	130014	100

#BOOMERANG FLY RIGHT
13005	130005	100	130006	100	130007	100	130008	100

#BOOMERANG FLY LEFT
13006	130015	100	130016	100	130017	100	130018	100

#BOOMERANG HELD RIGHT
13007	130005	100

#BOOMERANG HELD LEFT
13008	130015	100

#DIE
13009	130019	100