# id	left	top	right	bottom	texture_id

####### GREEN KOOPA ##########
[SPRITES]
####### GREEN KOOPA PARATROOPA ##########
#WINGED WALK
34101	71	95	87	122	14
34102	88	95	104	122	14
34103	105	95	121	122	14
34104	122	95	138	122	14

#WINGED JUMP
34201	71	95	122	122	14
34202	88	95	104	122	14
34203	105	95	121	122	14
37204	122	95	138	122	14

#WINGED FALL
34301	71	95	122	122	14
34302	105	95	121	122	14

#NORMAL WALK
34401	71	66	92	156	14
34402	88	66	104	156	14

#SHELL
34501	105	76	123	93	14

#SHELL MOVING
34601	105	76	123	93	14

#DIE
34701	105	76	123	93	14

####### RED KOOPA PARATROOPA ##########
#FLYING UP
35101	2	95	18	87	14
35102	19	95	35	87	14
35103	36	95	52	87	14
35104	53	95	69	87	14

#FLYING DOWN
35201	2	95	18	87	14
35202	19	95	35	87	14
35203	36	95	52	87	14
35204	53	95	69	87	14

#WALK
35301	2	95	18	87	14
35302	2	95	18	87	14

#SHELL
35401	2	122	18	138	14

#SHELL MOVING
35501	2	122	18	138	14

#DIE
35601	2	122	18	138	14

# ani_id	sprite1_id	time1	sprite2_id	time2	...
[ANIMATIONS]

####### GREEN PARATROOPA ##########
6200	34101	100	34102	100	34103	100	34104	100
6201	34201	100	34202	100	34203	100	34204	100
6202	34301	100	34302	100

####### RED PARATROOPA ##########

6250	35101	100	35102	100	35103	100	35104	100
6251	35201	100	35202	100	35203	100	35204	100

6300	35301	100	35302	100
6301	37401	100
6302	35501	100
6303	35601	100