# id	left	top	right	bottom	texture_id
[SPRITES]
#Need atleast 1 pixels padding on right and bottom to look good (no idea why)

#HIT BY TAIL OR SHELL
140000	2	13	19	30	50
140001	20	13	37	30	50
140002	38	13	55	30	50
140003	56	13	73	30	50

#POINT (100 - 8000)
140010	2	2	13	11	50
140011	18	2	31	11	50
140012	35	2	48	11	50
140013	52	2	65	11	50
140014	70	2	85	11	50
140015	86	2	103	11	50
140016	103	2	120	11	50
140017	120	2	137	11	50

#1UP
140018	137	2	154	11	50

#BRICK BIT
140020	82	17	91	26	50
140021	94	17	103	26	50

#GOAL ROULETTE
#MUSHRROOM
140030	3	35	20	52	50
140031	6	54	17	69	50

#PLANT
140040	21	35	38	52	50
140041	24	53	35	70	50

#STAR
140050	39	35	56	52	50
140051	42	53	53	70	50

140060	10	71	13	88	50
140061	22	73	37	85	50	

# ani_id	sprite1_id	time1	sprite2_id	time2	...
[ANIMATIONS]
#HIT BY TAIL OR SHELL
12000	140000	100	140001	100	140002	100	140003	100

#POINT
12010	140010	100
12011	140011	100
12012	140012	100
12013	140013	100
12014	140014	100
12015	140015	100
12016	140016	100
12017	140017	100

#1UP
12018	140018	100

#BRICK BIT
12020	140020	100
12021	140021	100

#MUSHROOM
12030	140030	100	140031	100	140060	100	140061	100

#PLANT	
12031	140040	100	140041	100	140060	100	140061	100

#STAR
12032	140050	100	140051	100	140060	100	140061	100