# id	left	top	right	bottom	texture_id
[SPRITES]
#UP_LEFT (open - close mouth)
90000	171	199	186	230	11
90001	188	199	203	230	11

#DOWN_LEFT
90002	137	199	152	230	11
90003	154	199	169	230	11

#UP_RIGHT
90004	548	199	563	230	12
90005	531	199	546	230	12

#DOWN_RIGHT
90006	582	199	597	230	12
90007	565	199	580	230	12

#DIE
90008	257	113	274	130	11
90009	257	130	274	147	11
90010	274	130	291	147	11
90011	274	113	291	130	11
90012	291	130	308	147	11
90013	291	147	308	164	11
90014	327	132	340	145	11
90015	327	149	340	162	11
90016	344	133	357	144	11
90017	344	150	357	161	11

########## GREEN ##############
#UP_LEFT
90018	69	199	84	222	11
90019	86	199	101	222	11

#DOWN_LEFT
90020	35	199	50	222	11
90021	52	199	67	222	11

#UP_RIGHT
90022	650	199	665	222	12
90023	633	199	648	222	12

#DOWN_RIGHT
90024	684	199	699	222	12
90025	667	199	682	222	12


# ani_id	sprite1_id	time1	sprite2_id	time2	...
[ANIMATIONS]
#LEFT_RISE_DIVE
6000	90000	100	90001	100

#RIGHT_RISE_DIVE
6001	90004	100	90005	100

#UP_LEFT
6002	90000	1000

#DOWN_LEFT
6003	90002	1000

#UP_RIGHT
6004	90004	1000

#DOWN_RIGHT
6005	90006	1000

######## GREEN ###########
#LEFT_RISE_DIVE
6007	90018	100	90019	100

#RIGHT_RISE_DIVE
6008	90020	100	90021	100

#UP_LEFT
6009	90018	1000

#DOWN_LEFT
6010	90020	1000

#UP_RIGHT
6011	90022	1000

#DOWN_RIGHT
6012	90024	1000

#DIE
6006	90008	11	90009	11	90010	11	90011	11	90012	11	90013	11	90012	11	90013	11	90014	11	90015	11	90014	11	90015	12	90014	12	90016	12	90017	12	90016	12	90017	12