# id	left	top	right	bottom	texture_id
[SPRITES]
########### RED PARA GOOMBA #############
#WINGED WALKING

33101	72	371	91	394	14
33102	93	371	112	394	14

#WINGED JUMPING
33201	114	366	133	395	14
33202	72	371	91	394	14
33203	135	366	154	395	14
33204	93	371	112	394	14

#WINGED HOPPING
33301	114	366	133	395	14
33302	72	371	91	394	14
33303	135	366	154	395	14
33304	93	371	112	394	14

#LOSE WING WALK
33401	15	54	31	70	14
33402	65	54	81	70	14

#DIE
33501	315	57	331	66	14

# ani_id	sprite1_id	time1	sprite2_id	time2	...
[ANIMATIONS]
5500	33101	100	33102	100
5501	33201	100	33202	100	33203	100	33204	100
5502	33301	100	33302	100	33303	100	33304	100
5503	33401	100	33402	100
5504	33501	100