# id	left	top	right	bottom	texture_id
[SPRITES]
####### GREEN KOOPA PARATROOPA ##########
#WINGED WALK
35101	72	96	86	120	14
35102	89	96	103	120	14
35103	106	96	120	120	14
35104	123	96	137	120	14

#WINGED JUMP
35105	72	96	86	120	14
35106	89	96	103	120	14
35107	106	96	120	120	14
35108	123	96	137	120	14

#WINGED FALL
35109	72	96	86	120	14
35110	89	96	103	120	14
35111	106	96	120	120	14
35112	123	96	137	120	14

#NORMAL WALK
35113	71	66	86	92	14
35114	89	66	103	92	14

#SHELL
35115	71	124	87	138	14

#SHELL SHAKING
35116	71	122	87	138	14
35117	71	124	87	140	14
35118	71	122	87	138	14
35119	71	124	87	140	14

#DIE
35120	50	130	66	156	14

####### RED KOOPA ##########
#WALK LEFT
35121	4	130	22	156	14
35122	24	130	42	156	14

#WALK RIGHT
35123	432	130	452	153	14
35124	455	130	475	153	14

#SHELL
35125	2	124	18	138	14

#SHELL SHAKING
35126	2	122	18	138	14
35127	2	124	18	140	14
35128	2	122	18	138	14
35129	2	124	18	140	14

#DIE
35130	2	124	18	138	14

#WINGED FLY
35131	3	96	17	120	14
35132	20	96	34	120	14
35133	37	96	51	120	14
35134	54	96	68	120	14

# ani_id	sprite1_id	time1	sprite2_id	time2	...
[ANIMATIONS]
####### GREEN PARATROOPA ##########
# ID_ANI_GREEN_WINGED_KOOPA_WALKING (9000)
9000	35101	100	35102	100	35103	100	35104	100
# ID_ANI_GREEN_WINGED_KOOPA_JUMPING (9001)
9001	35105	100	35106	100	35107	100	35108	100
# ID_ANI_GREEN_WINGED_KOOPA_FALLING (9002)
9002	35109	100	35110	100	35111	100	35112	100

# ID_ANI_RED_WINGED_KOOPA_FLYING (9100)
9100	35131	100	35132	100	35133	100	35134	100
# ID_ANI_RED_WINGED_KOOPA_FLYING_DOWN (9101)
9101	35134	100	35133	100	35132	100	35131	100

# ID_ANI_WINGED_KOOPA_WALKING (9200)
9200	35113	100	35114	100
# ID_ANI_WINGED_KOOPA_SHELL (9201)
9201	35115	100
# ID_ANI_WINGED_KOOPA_SHELL_MOVING (9202)
9202	35115	100
# ID_ANI_WINGED_KOOPA_DIE (9203)
9203	35120	100
# ID_ANI_WINGED_KOOPA_SHELL_SHAKING (9204)
9204	35116	75	35117	75	35118	75	35119	75

