# id	left	top	right	bottom	texture_id

####### GREEN KOOPA ##########
[SPRITES]
#WALK LEFT
35101	4	130	22	156	10
35102	24	130	42	156	10

#WALK RIGHT
35111	432	130	452	153	10
35112	455	130	475	153	10

#SHELL
35201	50	130	66	156	10

#DIE
35301	50	130	66	156	10

# ani_id	sprite1_id	time1	sprite2_id	time2	...
[ANIMATIONS]
6000	35101	100	35102	100
6001	35111	100	35112	100
6002	35201	100
6003	35301	100
6004	35401	100

####### RED KOOPA ##########
#WALK LEFT
36101	4	130	22	156	10
36102	24	130	42	156	10

#WALK RIGHT
36111	432	130	452	153	10
36112	455	130	475	153	10

#SHELL
36201	50	130	66	156	10

#DIE
36301	50	130	66	156	10

# ani_id	sprite1_id	time1	sprite2_id	time2	...
[ANIMATIONS]
6100	36101	100	36102	100
6101	36111	100	36112	100
6102	36201	100
6103	36301	100
6104	36401	100
