# id	left	top	right	bottom	texture_id
[SPRITES]
########### RED PARA GOOMBA #############
#WINGED WALKING
33101	213	52	233	71	50
33102	263	52	283	71	50

#WINGED JUMPING
33201	163	50	183	74	50
33202	263	52	283	71	50

#WINGED HOPPING
33301	163	50	183	74	50
33302	263	52	283	71	50

#WALK
33401	15	54	31	70	50
33402	65	54	81	70	50

#DIE
33501	315	57	331	66	50

# ani_id	sprite1_id	time1	sprite2_id	time2	...
[ANIMATIONS]
5500	33101	100	33102	100
5501	33201	100	33202	100
5502	33301	100	33302	100
5503	33401	100	33402	100
5504	33501	100