# list of object assets to load in this scene
[ASSETS]
mario.txt
coin.txt
cloud.txt
brick.txt
map.txt
#
[MAP]
60	1408	216
[OBJECTS]
# type	x	y	extra_settings per object type
# type: 0 = Mario , 1 = Brick, 2 = Goomba, 3 = Koopas
# See OBJECT_TYPE constants in AssetIDs.h

# MARIO
0	150	320

#PLATFORM
5	630	403	16	7	29	51000	52000	53000
5	0	424	14	17	45	51000	52000	53000
5	1154	424	14	17	25	51000	52000	53000
5	1545	424	14	17	5	51000	52000	53000
5	1670	424	14	17	41	51000	52000	53000
5	2267	424	14	17	40	51000	52000	53000
5	630	403	16	7	29	51000	52000	53000
5	0	190	16	15	50	51000	52000	53000

#COIN
4	100	120
4	120	120
4	140	120
4	160	120
4	180	120


4	100	100
4	120	100
4	140	100
4	160	100
4	180	100

4	100	80
4	120	80
4	140	80
4	160	80
4	180	80




#Platform
5 	100	180	16	15	32	51000	52000	53000
5	140	140	16	15	26	51000	52000	53000

#Portal 
50	200	160	216	180	1

