[SETTINGS]
right	2816
bottom	220

[ASSETS]
assets\mario.txt
assets\brick.txt
assets\coin.txt
assets\goomba.txt
assets\cloud.txt
assets\box.txt
assets\powerup.txt
assets\pipe.txt
assets\piranha_plant.txt
assets\pswitch.txt
assets\particle.txt
assets\scenery_object.txt
assets\fire_bullet.txt
assets\HUD.txt
assets\koopa.txt
assets\winged_goomba.txt


#RENDERING ORDER IS IMPORTANT
[OBJECTS]
# type	x	y	
# type: 0 = Mario , 1 = Brick, 2 = Goomba, 3 = Koopas, 4 = Coins, 5 = Platform, 6 = Box Platform, 7 = Pipe, 8 - Tussock, 9 - Piranha Plant, 10 - Fire Bullet, 11 - Koopa, 12 - Winged Goomba, 49 - Wall

#BOX PLATFORM
6	272	336	16	16	3	5	61002	62002	63002	64002	65002	66002	67002	68002	69002	60051	60052	60052
6	240	368	16	16	3	3	61000	62000	63000	64000	65000	66000	67000	68000	69000	60021	60022	60023

6	1328	320	16	16	7	6	61002	62002	63002	64002	65002	66002	67002	68002	69002	60051	60052	60052
6	1296	352	16	16	7	4	61000	62000	63000	64000	65000	66000	67000	68000	69000	60021	60022	60023
6	1264	384	16	16	7	2	61001	62001	63001	64001	65001	66001	67001	68001	69001	60001	60002	60003

6	512	304	16	16	4	7	61003	62003	63003	64003	65003	66003	67003	68003	69003	60051	60052	60052
6	464	336	16	16	4	5	61000	62000	63000	64000	65000	66000	67000	68000	69000	60031	60032	60032
6	400	368	16	16	5	3	61001	62001	63001	64001	65001	66001	67001	68001	69001	60001	60002	60003
6	512	384	16	16	6	2	61001	62001	63001	64001	65001	66001	67001	68001	69001	60051	60052	60052

6	2176	272	16	16	3	9	61001	62001	63001	64001	65001	66001	67001	68001	69001	60051	60052	60052
6	2144	368	16	16	3	3	61000	62000	63000	64000	65000	66000	67000	68000	69000	60011	60012	60013

6	1296	144	16	16	4	3	61000	62000	63000	67000	68000	69000	60055	60054	60054	60051	60052	60053

#SCENERY OBJECT 
#(sprite id will be in order from L to R, T to B), -1 (sprite_id will not be rendered)
# First Tussock
8	16	352	16 	16	8	4	-1	80000	80001	-1 	-1	-1	-1	-1	80000	80006	80004	80000	80001	80000	80001	-1	80003	80005	80006	80002	80004 	80003	80005	80001	80003	80002	80002	80002	80005	80006	80002	80004	
8 	816	336	16	16	8	4	-1	-1	-1	-1	80000	80001	-1	-1	-1	80000	80001	80000	80006	80004	80000	80001	-1	80003	80005	80006	80005	80006	80002	80004	80000	80006	80002	80002	80002	80002	80002	80004
8	944	352	16	16	4	3	-1	80000	80001	-1	-1	80003	80005	80001	80000	80006	80002	80004
8	1888	368	16	16	4	3	-1 	80000	80001	-1	-1	80003	80005	80001	80000	80006	80002	80004
8	2368	289	16	16	6	8	-1	-1 	80000	80001	-1	-1	-1	-1	80003	80005	80001	-1	-1	-1	80003	80002	80004	-1	-1	80000	80006	80002	80004	-1	80000	80006	80002	80002	80004	-1	80003	80002	80002	80002	80004	-1	80003	80002	80002	80002	80005	80001	80003	80002	80002	80002	80002	80004	

#small grass
8 	160	400	16	16	3	1	80007	80007	80007
8	671	384	16	16	6	1	80007	80007	80007	80007	80007	80007
8	1039	384	16	16	2	1	80007	80007
8	1183	400	16	16	3	1	80007	80007	80007
8	1727	400	16	16	3	1	80007	80007	80007

#cloud
8 	111	273	16	16	4	2	80008	80009	80009	80010	80011	80012	80012	80013
8 	319	256	16	16	3	2	80008	80009	80010	80011	80012	80013
8	640	272	16	16	3	2	80008	80009	80010	80011	80012	80013
8	719	304	16	16	5	2	80008	80009	80009	80009	80010	80011	80012	80012	80012	80013
8	1168	272	16	16	3	2	80008	80009	80010	80011	80012	80013
8 	1655	272	16	16	5	2	80008	80009	80009	80009	80010	80011	80012	80012	80012	80013
8	2327	288	16	16	3	2	80008	80009	80010	80011	80012	80013

#small stars
8	111	31	16	16	1	1	80014
8	223	63	16	16	1	1	80015
8	255	63	16	16	1	1	80016
8	255	31	16	16	1	1	80016
8	287	79	16	16	2	1	80016	80014	
8	335	31	16	16	1	1	80014
8	367	63	16	16	1	1	80014
8	591	47	16	16	2	1	80014	80015
8	671	15	16	16	1	1	80015
8	751	15	16	16	1	1	80014
8	751	47	16	16	1	1	80014	
8	799	15	16	16	1	1	80015
8	831	31	16	16	1	1	80016
8	959	63	16	16	1	1	80016
8	1103	111	16	16	1	1	80014
8	1183	127	16	16	1	1	80015
8	1215	127	16	16	1	1	80016
8	1263	47	16	16	1	1	80014
8	1359	31	16	16	1	1	80014
8	1372	143	16	16	1	1	80014
8	1455	95	16	16	1	1	80014
8	1487	79	16	16	1	1	80014
8	1503	95	16	16	1	1	80015
8	1503	63	16	16	1	1	80015
8	1614	31	16	16	1	1	80014
8	1679	63	16	16	1	1	80014
8	1727	63	16	16	1	1	80016
8	1855	79	16	16	1	1	80016
8	1919	143	16	16	1	1	80016
8	1919	15	16	16	1	1	80016
8	1951	15	16	16	1	1	80015
8	2111	111	16	16	1	1	80016
8	2223	79	16	16	1	1	80014
8	2383	0	16	16	1	1	80014
8	2447	0	16	16	1	1	80014
8	2415	143	16	16	1	1	80014


#PIRANHA_PLANT
9	359	367

#INVISIBLE WALL
#49	0	0	8	400	-1
#49	0	0	2816	8	-1
#49	2808	0	8	400	-1

# FLOOR 1
#type	x	y	type of brick
6	0	416	16	16	39	1	20003	20004	20005	20000	20001	20002	20001	20002	20000	20001	20001	20002
# FLOOR 2
1	624	400	3
6	624	400	16	16	29	2	20003	20004	20005	20000	20001	20002	20000	20001	20002	-1	-1	-1
1	1072	400	5
1	1072	416	2

#HOLE 1
1	1088	432	100
1	1104	432	100
1	1120	432	100
1	1136	432	100

# FLOOR 3
1	1152	416	3
6	1152	416	16	16	22	1	20003	20004	20005	20000	20001	20002	20000	20001	20002	-1	-1	-1
1	1488	416	5

#HOLE 2
1	1504	432	100
1	1520	432	100

# FLOOR 4
1	1536	416	3
6	1536	416	16	16	5	1	20003	20004	20005	20000	20001	20002	20000	20001	20002	-1	-1	-1
1	1600	416	5

#HOLE 3
1	1616	432	100
1	1632	432	100
1	1648	432	100

# FLOOR 5
1	1664	416	3
6	1664	416	16	16	36	1	20003	20004	20005	20000	20001	20002	20000	20001	20002	-1	-1	-1
1	2224	416	5

#HOLE 4
1	2240	432	100

# FLOOR 6
1	2256	416	3
6	2256	416	16	16	35	1	20003	20004	20005	20000	20001	20002	20000	20001	20002	-1	-1	-1
1	2800	416	5

#PROP BLOCK
1	1504	336	10
6	1504	335	16	16	2	1	-1 	-1	-1	-1	-1	-1	-1	-1	-1	-1	-1	-1
1	1520	336	10
1	1568	400	10
6	1568	399	16	16	3	1	-1 	-1	-1	-1	-1	-1	-1	-1	-1	-1	-1	-1
1	1584	400	10
1	1584	384	10
6	1584	383	16	16	2	1	-1 	-1	-1	-1	-1	-1	-1	-1	-1	-1	-1	-1
1	1600	400	10
1	1600	384	10
1	1600	368	10
6	1600	367	16	16	1	1	-1 	-1	-1	-1	-1	-1	-1	-1	-1	-1	-1	-1
1	1664	400	10
6	1664	399	16	16	3	1	-1 	-1	-1	-1	-1	-1	-1	-1	-1	-1	-1	-1
1	1664	384	10
6	1664	383	16	16	2	1	-1 	-1	-1	-1	-1	-1	-1	-1	-1	-1	-1	-1
1	1664	368	10
6	1664	367	16	16	1	1	-1 	-1	-1	-1	-1	-1	-1	-1	-1	-1	-1	-1
1	1680	400	10
1	1680	384	10
1	1696	400	10
1	2256	304	10
1	2272	304	10

#CLOUD PLATFORM
5	1408	192	16	16	4	20012	20012	20012

5	1488	176	16	16	13	20012	20012	20012

#QUESTION BLOCK WITH ITEMS (Item type: 1 = COIN, 2 = POWER UP, 3 = PSWITCH)
21	176	352	20	1
6	176	351	16	16	2	1	-1 	-1	-1	-1	-1	-1	-1	-1	-1	-1	-1	-1
21	192	352	20	1
21	224	304	20	1
6	224	303	16	16	2	1	-1 	-1	-1	-1	-1	-1	-1	-1	-1	-1	-1	-1
21	240	304	20	2
21	416	320	20	1
6	416	319	16	16	1	1	-1 	-1	-1	-1	-1	-1	-1	-1	-1	-1	-1	-1
21	656	384	20	2
6	656	383	16	16	1	1	-1 	-1	-1	-1	-1	-1	-1	-1	-1	-1	-1	-1
21	704	352	20	1
6	704	351	16	16	1	1	-1 	-1	-1	-1	-1	-1	-1	-1	-1	-1	-1	-1
21	1472	368	20	1
6	1472	367	16	16	1	1	-1 	-1	-1	-1	-1	-1	-1	-1	-1	-1	-1	-1
21	1440	128	30	4
6	1440	127	16	16	1	1	-1 	-1	-1	-1	-1	-1	-1	-1	-1	-1	-1	-1

#SHINY BRICK
23	1952	400	30
#6	1952	399	16	16	7	1	-1 	-1	-1	-1	-1	-1	-1	-1	-1	-1	-1	-1
23	1968	400	30
23	1984	400	30
23	2000	400	30
23	2016	400	30
23	2032	400	30
23	2048	400	30
23	1968	384	30
#6	1968	383	16	16	5	1	-1 	-1	-1	-1	-1	-1	-1	-1	-1	-1	-1	-1
23	1984	384	30
23	2000	384	30
23	2016	384	30
23	2032	384	30
23	1984	368	30
#6	1984	367	16	16	4	1	-1 	-1	-1	-1	-1	-1	-1	-1	-1	-1	-1	-1
23	2000	368	30
23	2016	368	30

21	2032	368	30	3

23	2096	384	30
#6	2096	383	16	16	1	1	-1 	-1	-1	-1	-1	-1	-1	-1	-1	-1	-1	-1
23	2096	400	30
#6	2096	399	16	16	2	1	-1 	-1	-1	-1	-1	-1	-1	-1	-1	-1	-1	-1
23	2112	400	30

#24	2112	384	0

# COIN
4	1073	320	
4	1105	288
4	1137	256
4	1169	224
4	1201	192
4	1309	80
4	1325	80	
4	1341	80
4	1473	112
4	1489	112
4	1537	128
4	1553	128
4	1569	128	
4	1585	128
4	1617	112
4	1633	112	
4	1649	112
4	1665	112	
4	1697	144
4	1729	112
4	1761	128
4	1809	96
4	1841	128

# PLATFORM
#5	90	136	16	16	16	51000	52000	53000
#5	120	90	16	16	8	20001	20001	20001

# GOOMBA
2	240	400
2 	423	375
2	908	384
2	840	384

#WINGED GOOMBA
12	976	384

#KOOPA
11	558 	343
#11 	235	272
#11 	1570	367

# MARIO
0	16	400
#0	1930	380
#0	777	380
#0	1544	396

#PIPE
7	352	368	16	16	3	70000	70001	70002	70003
7	1792	384	16	16	2	70000	70001	70002	70003
7	1856	368	16	16	3	70000	70001	70002	70003
7	2256	368	16	16	3	20010	20010	70002	70003
7	2256	112	16	16	12	70000	70001	70002	70003
26	2264	112	100	100	1
7	2320	384	16	16	2	70000	70001	70002	70003	

26	16	417	2264	112	0
26	16	368	100	400	0

26	100	400	0	0	1
#26	100	368	0	0	2
# PORTAL 
#50	100	350	2