[SETTINGS]
right	2816
bottom	220

[ASSETS]
assets\mario.txt
assets\brick.txt
assets\coin.txt
assets\goomba.txt
assets\cloud.txt
assets\box.txt
assets\powerup.txt
assets\pipe.txt
assets\piranha_plant.txt
assets\pswitch.txt
assets\particle.txt
assets\scenery_object.txt
assets\fire_bullet.txt
assets\HUD.txt
assets\koopa.txt
assets\winged_goomba.txt


#RENDERING ORDER IS IMPORTANT
[OBJECTS]
# type	x	y	
# type: 0 = Mario , 1 = Brick, 2 = Goomba, 3 = Koopas, 4 = Coins, 5 = Platform, 6 = Box Platform, 7 = Pipe, 8 - Tussock, 9 - Piranha Plant, 10 - Fire Bullet, 11 - Koopa, 12 - Winged Goomba, 49 - Wall

#BOX PLATFORM
6	272	336	16	16	3	5	61002	62002	63002	64002	65002	66002	67002	68002	69002	60051	60052	60052
6	240	368	16	16	3	3	61000	62000	63000	64000	65000	66000	67000	68000	69000	60021	60022	60023

6	1328	320	16	16	7	6	61002	62002	63002	64002	65002	66002	67002	68002	69002	60051	60052	60052
6	1296	352	16	16	7	4	61000	62000	63000	64000	65000	66000	67000	68000	69000	60021	60022	60023
6	1264	384	16	16	7	2	61001	62001	63001	64001	65001	66001	67001	68001	69001	60001	60002	60003

6	512	304	16	16	4	7	61003	62003	63003	64003	65003	66003	67003	68003	69003	60051	60052	60052
6	464	336	16	16	4	5	61000	62000	63000	64000	65000	66000	67000	68000	69000	60031	60032	60032
6	400	368	16	16	5	3	61001	62001	63001	64001	65001	66001	67001	68001	69001	60001	60002	60003
6	512	384	16	16	6	2	61001	62001	63001	64001	65001	66001	67001	68001	69001	60051	60052	60052

6	2176	272	16	16	3	9	61001	62001	63001	64001	65001	66001	67001	68001	69001	60051	60052	60052
6	2144	368	16	16	3	3	61000	62000	63000	64000	65000	66000	67000	68000	69000	60011	60012	60013

6	1296	144	16	16	4	3	61000	62000	63000	67000	68000	69000	60055	60054	60054	60051	60052	60053

#SCENERY OBJECT 
#(sprite id will be in order from L to R, T to B), -1 (sprite_id will not be rendered)
# First Tussock
8	16	352	16 	16	8	4	-1	80000	80001	-1 	-1	-1	-1	-1	80000	80006	80004	80000	80001	80000	80001	-1	80003	80005	80006	80002	80004 	80003	80005	80001	80003	80002	80002	80002	80005	80006	80002	80004	
8 	816	336	16	16	8	4	-1	-1	-1	-1	80000	80001	-1	-1	-1	80000	80001	80000	80006	80004	80000	80001	-1	80003	80005	80006	80005	80006	80002	80004	80000	80006	80002	80002	80002	80002	80002	80004
8	944	352	16	16	4	3	-1	80000	80001	-1	-1	80003	80005	80001	80000	80006	80002	80004
8	1888	368	16	16	4	3	-1 	80000	80001	-1	-1	80003	80005	80001	80000	80006	80002	80004
8	2368	289	16	16	6	8	-1	-1 	80000	80001	-1	-1	-1	-1	80003	80005	80001	-1	-1	-1	80003	80002	80004	-1	-1	80000	80006	80002	80004	-1	80000	80006	80002	80002	80004	-1	80003	80002	80002	80002	80004	-1	80003	80002	80002	80002	80005	80001	80003	80002	80002	80002	80002	80004	

#small grass
8 	160	400	16	16	3	1	80007	80007	80007
8	671	384	16	16	6	1	80007	80007	80007	80007	80007	80007
8	1039	384	16	16	2	1	80007	80007
8	1183	400	16	16	3	1	80007	80007	80007
8	1727	400	16	16	3	1	80007	80007	80007